0  1  4727
0  2  1204
0  3  6363
0  4  3657
0  5  3130
0  6  2414
0  7  562
0  8  462
0  9  5654
0  10  1712
0  11  1604
0  12  2367
0  13  2200
0  14  1289
0  15  1004
0  16  3833
0  17  2258
0  18  3419
0  19  2267
0  20  2956
0  21  720
0  22  1699
0  23  5278
0  24  2578
0  25  6075
0  26  3465
0  27  2654
0  28  3625
0  29  3115
1  2  3587
1  3  2012
1  4  1841
1  5  6977
1  6  6500
1  7  5187
1  8  5028
1  9  2327
1  10  4148
1  11  4723
1  12  3635
1  13  3124
1  14  4906
1  15  3930
1  16  7463
1  17  6337
1  18  7242
1  19  5105
1  20  4043
1  21  4021
1  22  3676
1  23  2863
1  24  3106
1  25  1849
1  26  7173
1  27  6629
1  28  1203
1  29  6813
2  3  5162
2  4  2458
2  5  3677
2  6  3070
2  7  1742
2  8  1444
2  9  4462
2  10  1184
2  11  1520
2  12  1497
2  13  1103
2  14  1501
2  15  950
2  16  4297
2  17  2902
2  18  3966
2  19  2169
2  20  2209
2  21  652
2  22  827
2  23  4136
2  24  1517
2  25  4873
2  26  3953
2  27  3253
2  28  2446
2  29  3580
3  4  2799
3  5  8064
3  6  7727
3  7  6877
3  8  6580
3  9  1402
3  10  5366
3  11  5946
3  12  4679
3  13  4377
3  14  6225
3  15  5709
3  16  8417
3  17  7577
3  18  8295
3  19  6135
3  20  4801
3  21  5706
3  22  4982
3  23  2322
3  24  4177
3  25  320
3  26  8186
3  27  7800
3  28  2777
3  29  7858
4  5  5329
4  6  4946
4  7  4200
4  8  3824
4  9  2011
4  10  2573
4  11  3156
4  12  1923
4  13  1579
4  14  3426
4  15  3178
4  16  5748
4  17  4793
4  18  5577
4  19  3408
4  20  2222
4  21  3066
4  22  2184
4  23  1859
4  24  1400
4  25  2490
4  26  5485
4  27  5034
4  28  893
4  29  5140
5  6  743
5  7  3208
5  8  2669
5  9  6928
5  10  2830
5  11  2266
5  12  3407
5  13  3853
5  14  2177
5  15  4075
5  16  726
5  17  880
5  18  293
5  19  1929
5  20  3309
5  21  3672
5  22  3314
5  23  6198
5  24  3932
5  25  7745
5  26  365
5  27  482
5  28  5774
5  29  260
6  7  2467
6  8  1951
6  9  6673
6  10  2380
6  11  1794
6  12  3050
6  13  3405
6  14  1603
6  15  3381
6  16  1468
6  17  168
6  18  1019
6  19  1680
6  20  3109
6  21  2993
6  22  2826
6  23  6009
6  24  3551
6  25  7411
6  26  1103
6  27  267
6  28  5300
6  29  820
7  8  718
7  9  6202
7  10  2240
7  11  2050
7  12  2920
7  13  2762
7  14  1687
7  15  1304
7  16  3931
7  17  2330
7  18  3486
7  19  2669
7  20  3486
7  21  1175
7  22  2259
7  23  5839
7  24  3140
7  25  6595
7  26  3563
7  27  2727
7  28  4120
7  29  3239
8  9  5788
8  10  1601
8  11  1343
8  12  2330
8  13  2291
8  14  970
8  15  1451
8  16  3375
8  17  1796
8  18  2958
8  19  1951
8  20  2835
8  21  1112
8  22  1725
8  23  5345
8  24  2628
8  25  6285
8  26  3007
8  27  2192
8  28  3889
8  29  2660
9  10  4391
9  11  4946
9  12  3648
9  13  3500
9  14  5273
9  15  5182
9  16  7216
9  17  6534
9  18  7140
9  19  5021
9  20  3620
9  21  5077
9  22  4089
9  23  921
9  24  3207
9  25  1131
9  26  7013
9  27  6713
9  28  2436
9  29  6706
10  11  585
10  12  765
10  13  1029
10  14  882
10  15  2040
10  16  3352
10  17  2224
10  18  3100
10  19  1048
10  20  1246
10  21  1624
10  22  502
10  23  3840
10  24  1195
10  25  5053
10  26  3042
10  27  2488
10  28  2945
10  29  2676
11  12  1298
11  13  1612
11  14  405
11  15  2207
11  16  2823
11  17  1638
11  18  2542
11  19  694
11  20  1586
11  21  1767
11  22  1050
11  23  4356
11  24  1770
11  25  5632
11  26  2498
11  27  1907
11  28  3520
11  29  2127
12  13  646
12  14  1641
12  15  2446
12  16  3839
12  17  2904
12  18  3654
12  19  1487
12  20  730
12  21  2096
12  22  697
12  23  3076
12  24  532
12  25  4362
12  26  3566
12  27  3122
12  28  2453
12  29  3218
13  14  1852
13  15  2025
13  16  4349
13  17  3247
13  18  4118
13  19  1997
13  20  1340
13  21  1753
13  22  605
13  23  3078
13  24  419
13  25  4069
13  26  4051
13  27  3517
13  28  1922
13  29  3690
14  15  2028
14  16  2802
14  17  1437
14  18  2466
14  19  985
14  20  1986
14  21  1592
14  22  1253
14  23  4716
14  24  2072
14  25  5915
14  26  2454
14  27  1764
14  28  3710
14  29  2082
15  16  4759
15  17  3220
15  18  4368
15  19  2899
15  20  3151
15  21  441
15  22  1765
15  23  4959
15  24  2444
15  25  5442
15  26  4395
15  27  3609
15  28  2931
15  29  4034
16  17  1601
16  18  477
16  19  2358
16  20  3616
16  21  4345
16  22  3851
16  23  6433
16  24  4371
16  25  8097
16  26  369
16  27  1205
16  28  6266
16  29  726
17  18  1165
17  19  1562
17  20  2987
17  21  2829
17  22  2665
17  23  5881
17  24  3400
17  25  7262
17  26  1233
17  27  399
17  28  5137
17  29  923
18  19  2169
18  20  3520
18  21  3964
18  22  3588
18  23  6392
18  24  4183
18  25  7976
18  26  201
18  27  766
18  28  6040
18  29  438
19  20  1430
19  21  2459
19  22  1547
19  23  4333
19  24  2018
19  25  5816
19  26  2079
19  27  1694
19  28  3909
19  29  1732
20  21  2779
20  22  1386
20  23  2904
20  24  1062
20  25  4482
20  26  3397
20  27  3119
20  28  2921
20  29  3086
21  22  1401
21  23  4780
21  24  2165
21  25  5427
21  26  3984
21  27  3212
21  28  2945
21  29  3619
22  23  3621
22  24  903
22  25  4674
22  26  3536
22  27  2953
22  28  2474
22  29  3168
23  24  2718
23  25  2042
23  26  6254
23  27  6023
23  28  2569
23  29  5965
24  25  3863
24  26  4097
24  27  3635
24  28  1931
24  29  3747
25  26  7866
25  27  7483
25  28  2514
25  29  7539
26  27  838
26  28  5973
26  29  373
27  28  5426
27  29  558
28  29  5612
